fx=585.0 fy=585.0 cx=320.0 cy=240.0 width=640 height=480
