fx=108.7523193359375 fy=108.88756306966145 cx=79.42539978027344 cy=44.329701741536454 width=160 height=90