fx=108.50667317708333 fy=108.02460734049478 cx=79.73255920410156 cy=44.20273335774739 width=160 height=90